Case #1:
812343509384 656811489544 326950923978 155283617236 954756413427 
501095542606 600979467835 789366143359 893540232908 121164566861 
Case #2:
613660745152 154063080580 685180548806 373390063857 792629548986 349806298853 
360436624278 399160569456 302767617296 833627007469 335772005038 736966462697 
Case #3:
109216894566 438393258590 924497026004 843849716842 577846729845 44447406591 
256408547674 237751414809 387584292254 945537420164 512027641919 598941715618 
Case #4:
349702414515 733488612832 881286652929 945619990331 231684663228 861677915630 
916919092808 156953597668 895460618204 352752489839 832676333579 848698117367 
Case #5:
475221101627 164075402523 924569669596 657007364393 501112592847 56682534907 
803392541618 364901041882 559834025608 739716079428 138998569515 171826407842 
Case #6:
306088443904 666106085833 16108152528 2419607413 844790301692 554453339656 
207740574912 139197180989 124271338880 962072674304 864077415249 92606746692 
Case #7:
89835376662 757970528341 780193696341 813942413182 50533946851 709707219858 
80934206300 463775594707 906787479969 527842572452 561216936156 661626391651 
Case #8:
842603553335 768684098464 715776949865 856787019389 536822679853 581212623734 
966435423938 691612328024 507228354374 822443690730 554466818345 759700309229 
Case #9:
967604061010 533634404949 96810235990 786253063409 470505876764 647824993571 
64576423152 635868387590 369319323322 712649194218 781791645913 938427661498 
Case #10:
712621445945 804734019594 863848224718 526471743902 911518705850 723305964439 
998266576327 734416564158 670106842929 842232617757 606965325556 690512177721 
